1       8
0.88    8
1.09   13
0.94   11
1.21   16
0.78   11
1.34   11
0.75   10
1.02   11
0.87    8
1.08   12
0.71    9
0.99   10
0.84    7
1.33   11
1.17   14
1.39   12
1.23   11
0.74    9
0.86   12
1.08    9
0.92    7
0.71    6
1.26   16
1.26   17
0.89    9
0.73    6
1.23   16
1.29   12
0.85   10
0.7    10
0.91    6
1.04    8
1.31   10
0.82    7
1.31   10
1.16    9
0.94   14
1.28   15
0.91    8
1.4    13
0.97    9
0.81    9
1.31   14
1.31   12
0.72    8
1.27   10
1.06   13
1.33   15
0.9     9
1.39   16
1.3    12
0.87   10
1.08   10
0.87    9
0.71   10
1.21   15
0.77   11
1.33   13
1.17   13
1.23   12
1.29   14
0.77    9
0.98   11
0.77    9
1.32   18
0.95   11
0.73   10
0.95    9
0.73    9
0.85    8
1.35   18
1.35   18
0.97   11
0.82    9
1.31   11
0.82   10
1.37   15
0.94   10
0.72    8
1.22   16
1.06   11
0.91   13
1.12   13
1.4    13
1.24   12
0.81   11
1.09   13
0.93    9
0.72    7
1.21   15
0.78    9
0.9    11
1.12   11
0.96   12
1.24   14
1.08   13
1.3    15
0.87   10
0.77    9